   ID  AGE  SEX_CD  AMI_FLAG  ...   ACE_ELIG  DIAB_ELIG  STATIN_ELIG  DIAB
0   1   77     0.0         0  ...          0          0            0     0
1   2   49     0.0         0  ...          0          0            1     0
2   3   75     0.0         0  ...          1          0            1     0
3   4   68     1.0         0  ...          1          1            1     2
4   5   81     0.0         0  ...          0          0            0     0
5   6   72     0.0         0  ...          1          0            1     2
6   7   73     0.0         0  ...          0          0            1     2
7   8   69     1.0         0  ...          0          0            0     0
8   9   71     1.0         0  ...          0          0            0     0
9  10   78     1.0         1  ...          1          1            1     2

[10 rows x 449 columns]
   ID  AGE  SEX_CD  AMI_FLAG  ...   ACE_ELIG  DIAB_ELIG  STATIN_ELIG  DIAB
0   1   77     0.0         0  ...          0          0            0     0
1   2   49     0.0         0  ...          0          0            1     0
2   3   75     0.0         0  ...          1          0            1     0
3   4   68     1.0         0  ...          1          1            1     2
4   5   81     0.0         0  ...          0          0            0     0
5   6   72     0.0         0  ...          1          0            1     2
6   7   73     0.0         0  ...          0          0            1     2
7   8   69     1.0         0  ...          0          0            0     0
8   9   71     1.0         0  ...          0          0            0     0
9  10   78     1.0         1  ...          1          1            1     2

[10 rows x 449 columns]
   ID  AGE  SEX_CD  AMI_FLAG  ...   ACE_ELIG  DIAB_ELIG  STATIN_ELIG  DIAB
0   1   77     0.0         0  ...          0          0            0     0
1   2   49     0.0         0  ...          0          0            1     0
2   3   75     0.0         0  ...          1          0            1     0
3   4   68     1.0         0  ...          1          1            1     2
4   5   81     0.0         0  ...          0          0            0     0
5   6   72     0.0         0  ...          1          0            1     2
6   7   73     0.0         0  ...          0          0            1     2
7   8   69     1.0         0  ...          0          0            0     0
8   9   71     1.0         0  ...          0          0            0     0
9  10   78     1.0         1  ...          1          1            1     2

[10 rows x 449 columns]
   ID  AGE  SEX_CD  AMI_FLAG  ...   ACE_ELIG  DIAB_ELIG  STATIN_ELIG  DIAB
0   1   77     0.0         0  ...          0          0            0     0
1   2   49     0.0         0  ...          0          0            1     0
2   3   75     0.0         0  ...          1          0            1     0
3   4   68     1.0         0  ...          1          1            1     2
4   5   81     0.0         0  ...          0          0            0     0
5   6   72     0.0         0  ...          1          0            1     2
6   7   73     0.0         0  ...          0          0            1     2
7   8   69     1.0         0  ...          0          0            0     0
8   9   71     1.0         0  ...          0          0            0     0
9  10   78     1.0         1  ...          1          1            1     2

[10 rows x 449 columns]
   ID  AGE  SEX_CD  AMI_FLAG  ...   ACE_ELIG  DIAB_ELIG  STATIN_ELIG  DIAB
0   1   77     0.0         0  ...          0          0            0     0
1   2   49     0.0         0  ...          0          0            1     0
2   3   75     0.0         0  ...          1          0            1     0
3   4   68     1.0         0  ...          1          1            1     2
4   5   81     0.0         0  ...          0          0            0     0
5   6   72     0.0         0  ...          1          0            1     2
6   7   73     0.0         0  ...          0          0            1     2
7   8   69     1.0         0  ...          0          0            0     0
8   9   71     1.0         0  ...          0          0            0     0
9  10   78     1.0         1  ...          1          1            1     2

[10 rows x 447 columns]
